200
0 1 0.936648
0 2 0.249729
0 3 0.200776
0 4 0.444308
1 2 0.488874
1 3 0.511130
1 4 0.553868
2 3 0.867462
2 4 0.434739
3 4 0.654607
4 5 0.478743
1 6 0.744679
4 7 0.812529
1 8 0.580745
3 9 0.534924
2 10 0.696150
1 11 0.733952
3 12 0.591755
4 13 0.018113
3 14 0.842183
3 15 0.569655
1 16 0.598220
2 17 0.111448
1 18 0.951670
5 19 0.472344
5 20 0.297541
8 21 0.223320
2 22 0.795494
15 23 0.217676
3 24 0.143257
9 25 0.937751
13 26 0.704120
1 27 0.244570
4 28 0.067748
8 29 0.452386
2 30 0.599032
25 31 0.107626
23 32 0.121082
0 33 0.039791
17 34 0.803609
2 35 0.217238
1 36 0.423797
18 37 0.727771
13 38 0.655888
5 39 0.745392
23 40 0.415864
4 41 0.524832
28 42 0.697645
3 43 0.834411
38 44 0.674428
1 45 0.240085
1 46 0.442141
1 47 0.536690
1 48 0.856032
3 49 0.412494
28 50 0.091048
2 51 0.506109
1 52 0.678445
17 53 0.422674
39 54 0.135510
9 55 0.084304
43 56 0.616171
55 57 0.887629
4 58 0.186984
20 59 0.942907
5 60 0.708524
2 61 0.740580
53 62 0.272708
5 63 0.052529
46 64 0.846395
4 65 0.690519
16 66 0.912681
7 67 0.738009
33 68 0.627947
55 69 0.675583
15 70 0.543393
45 71 0.455711
1 72 0.376657
13 73 0.194954
23 74 0.799997
18 75 0.258556
19 76 0.928898
73 77 0.132423
28 78 0.254027
12 79 0.551723
52 80 0.263526
1 81 0.581370
1 82 0.432016
65 83 0.872338
8 84 0.612188
1 85 0.354716
41 86 0.778372
1 87 0.550424
82 88 0.339392
2 89 0.896370
4 90 0.854096
55 91 0.295995
55 92 0.535923
4 93 0.090807
3 94 0.361906
25 95 0.079249
82 96 0.660893
37 97 0.808772
1 98 0.938676
5 99 0.516794
55 100 0.180813
85 101 0.969041
45 102 0.442527
28 103 0.282261
95 104 0.454652
8 105 0.431123
83 106 0.490244
28 107 0.978024
45 108 0.224626
5 109 0.258046
104 110 0.432293
31 111 0.227091
55 112 0.838975
46 113 0.370948
28 114 0.910755
1 115 0.611320
23 116 0.954623
10 117 0.296951
85 118 0.746519
64 119 0.270296
88 120 0.790397
3 121 0.021844
2 122 0.110953
74 123 0.140044
61 124 0.516161
2 125 0.543412
2 126 0.564803
52 127 0.149509
80 128 0.507775
3 129 0.336374
23 130 0.761965
13 131 0.714642
127 132 0.481829
2 133 0.315697
110 134 0.918733
2 135 0.452525
46 136 0.916362
8 137 0.883430
86 138 0.559123
3 139 0.653526
88 140 0.101135
83 141 0.230993
8 142 0.006836
112 143 0.088238
0 144 0.764569
2 145 0.719256
42 146 0.044347
13 147 0.646864
102 148 0.118385
73 149 0.087282
135 150 0.144408
1 151 0.267333
1 152 0.489963
97 153 0.363539
0 154 0.629982
2 155 0.079444
4 156 0.230612
124 157 0.419333
84 158 0.723300
41 159 0.737499
2 160 0.185209
102 161 0.010746
60 162 0.559565
60 163 0.908994
32 164 0.983099
148 165 0.642414
1 166 0.285441
23 167 0.792164
134 168 0.832283
3 169 0.042737
8 170 0.662871
127 171 0.110049
60 172 0.227223
151 173 0.207475
1 174 0.058364
147 175 0.253813
124 176 0.217132
17 177 0.566391
15 178 0.231927
175 179 0.847388
1 180 0.963956
4 181 0.201565
88 182 0.216672
68 183 0.553683
104 184 0.181501
43 185 0.242338
178 186 0.588536
53 187 0.685201
3 188 0.835675
4 189 0.214244
124 190 0.413880
1 191 0.198775
125 192 0.143722
55 193 0.077246
8 194 0.562330
1 195 0.250161
42 196 0.245501
3 197 0.773664
187 198 0.195354
16 199 0.347850
